a:[4.711445646609111, 5.495892715235854, 3.285144966482983, 1.3400151153238615, 3.125205350040359, 2.6089471131967965, 3.95346466239561, 3.735355611454321, 8.609332597963306, 8.32389270112746, 4.844877530125203, 4.330569025151194, 4.911375391502986, 5.269054942773425, 3.416164060024867, 3.3145792196874146, 1.8048547873104637, 1.097705158790079, 0.8934116902511223, 0.8878227320884946, 0.7748013967132983, 0.7479989133251373, 0.6732638077473844, 0.9268868991678356, 0.985931504712089, 1.3392897956335235, 1.4566096461464781, 1.3256730754702706, 0.995816977850715, 0.9098343990917107, 0.732564469279014, 0.764644298048643, 0.7837718982846784, 0.7524170326908377, 0.8226269061226527, 0.8102194416971028, 0.7273928765800355, 0.6173310056001452, 0.4815168571450324, 0.39032362311479174]
e:[7.743303961766778, 5.856736152003386, 6.39984203684483, 2.3986158333063816, 9.394199601105132, 5.78798255889771, 1.4129277095133763, 3.1563786266790315, 0.8625214258300775, 0.7705665727746923, 0.8925644749725193, 0.4904364650637893, 0.6299841610429647, 0.42379559948834844, 0.5715874613014414, 0.6016015514955163, 0.6091228630057768, 0.8549847544331473, 0.7183038204553562, 1.2109491179986072, 1.7681166027056132, 1.7902752573505982, 2.522352670193621, 1.667638219358473, 1.918879601678501, 2.191742719002039, 1.57012037649272, 1.7381502289026167, 1.286052602201782, 1.097786699010411, 0.7470123753513769, 0.6944559898705184, 1.071435550783, 1.0386538204558269, 1.1790751474507926, 1.2354059732194709, 0.7690723294763617, 0.6272635030651682, 0.4007545161703683, 0.4162583269538439]
i:[4.61952997151702, 7.783687971843259, 4.2444368511875235, 3.2173568647316264, 1.0467993586040902, 1.1955331434198675, 0.4925164425308786, 0.530007465510426, 0.4180371960789143, 0.39863968199901534, 0.3837638607947359, 0.3203915861138543, 0.3661864090800724, 0.32237880732491225, 0.30162147602731687, 0.29925472382119034, 0.32049903247569533, 0.2722812125644368, 0.29870710303289516, 0.35058499193000137, 0.35759287332493794, 0.4755716621662504, 0.7712228587430962, 1.331577314586849, 1.0355360829405496, 0.7265728189742887, 0.6078057241686026, 0.6923303277259947, 0.7989226054443399, 0.9074197128463595, 1.1367034501567563, 1.8992360324745499, 2.2579396101800246, 2.8211223364752462, 2.3336768956401523, 2.4913264731835993, 2.149698265501403, 2.0175236940456154, 1.6081466775141364, 1.038626570824005]
o:[10.444572390072626, 6.625860620894008, 7.041330196070493, 3.273913695713025, 16.221152791499797, 8.511452934054603, 6.441547148553468, 17.41714586758946, 7.2824079660548104, 9.99084369197625, 6.91201855170512, 2.8557874795067484, 3.0837917593952318, 1.0701464261636184, 0.5057426206308223, 0.5478987806513149, 0.36044267643852146, 0.3900441001553535, 0.45172326645926875, 0.4484877530558736, 0.4720515552843924, 0.40724929819361416, 0.35935857536904703, 0.5150386060537626, 0.5110577034305696, 0.7961301604276823, 0.5049280892288686, 0.44357196788863273, 0.6544587132420434, 0.7513878108465055, 0.5930183556896665, 0.5910546738808048, 0.6118041598677919, 0.6190156738663155, 0.5657386108263044, 0.47736536417057457, 0.3727129402133925, 0.2966007551450537, 0.23856433288499562, 0.24795864379014537]
u:[37.598166915004704, 15.715889714407451, 10.932960895122992, 8.94673993624906, 5.151582586418129, 4.356208454611102, 2.8317488288354546, 4.383499666122344, 1.955155991037277, 1.3464534729855433, 0.6729255932549081, 0.4517643299766113, 0.48768621858071903, 0.3612570983863079, 0.3288944854401266, 0.3194177457387301, 0.3121319901851254, 0.27874458699072846, 0.28394113214837635, 0.33278706673642533, 0.27586678510528334, 0.3688311573843179, 0.2996142548850195, 0.2570953055704618, 0.2835856652509531, 0.25549484491659186, 0.22571455697104584, 0.24563202133205347, 0.27490427940005385, 0.2872467674189378, 0.3254777911460833, 0.34025836830758527, 0.2962087468014435, 0.298823679620115, 0.3186658724478929, 0.25962802218197095, 0.25899991832374675, 0.23491602370567596, 0.26006855444935345, 0.2577271616779997]
