a:[4.397138938516695, 6.91432462301754, 2.2052297185511414, 2.3173772042916045, 2.6425370203550393, 1.8353971431046388, 5.211663538043766, 5.658508298464915, 6.572173272090225, 14.57486689011592, 3.2807476630724564, 3.202850757702749, 4.754252277269032, 5.383641436813894, 6.660244923737194, 3.3171019928911694, 1.968313724144732, 1.6842254690684597, 1.0645515326418198, 0.9367099756845242, 0.6459692278983719, 1.0377763296335016, 0.9799122920605827, 0.8235924257535367, 1.8864821126223608, 2.130478379385251, 2.429111604032292, 1.6095512326902557, 0.7809151343149001, 1.0662765980586353, 1.2286488953500194, 1.142447073899001, 1.2779759724656115, 0.847866213862965, 1.2276706766353944, 0.7078295577822076, 0.6244636225397479, 0.5141196946481981, 0.4745588330426538, 0.7020055256283398]
e:[3.540278572201611, 8.547086499619901, 2.2361631809153084, 5.611784128377245, 4.938161694393193, 4.815583697838392, 1.3699587090447418, 0.6668226562643351, 0.7007078345047164, 0.481799491397609, 0.45464087540572246, 0.44324382204099594, 0.4399199966535494, 0.42888934144227175, 0.4631105396670552, 0.4817123575100909, 0.5447149118281052, 0.8777553984284971, 0.8665633916164233, 1.2360837283439996, 2.366555639144555, 2.8725680039395938, 2.1350601925621544, 1.0543025641542298, 1.7794608533012453, 1.5204644929945181, 1.7916756185589597, 1.9249532754538479, 1.9484248848793406, 2.2140299217049173, 2.008943173893118, 1.8919556874489132, 1.4625166650109587, 1.510823759196592, 1.6571702017804162, 1.8809047907093512, 1.165255739564996, 0.6514972169553124, 0.8219543576205437, 0.6455945963145268]
i:[5.031418635369205, 9.89763781939038, 2.8025440465671907, 5.496019087788721, 0.8528694973259244, 0.6973829263477299, 0.4510764235720758, 0.4187180674765581, 0.36881761449513706, 0.3789369356165816, 0.3516730362242586, 0.33233149250099064, 0.310487831643778, 0.3133779604297125, 0.31566535748471003, 0.299047000284864, 0.29526458922438015, 0.29765811484715143, 0.3462954070344948, 0.3973167874524685, 0.4708330084589688, 0.6155999837393945, 0.8907285146301525, 0.9008981285583633, 0.41608867993451226, 0.42765215343205343, 0.5520398951830079, 0.5200286136933523, 0.584015747383471, 0.917381989668869, 1.38622568119036, 1.7320138555996292, 1.5535446770709553, 1.482451638308198, 1.6498335596322415, 1.1287510773967808, 1.0471276165372365, 0.9930726076243224, 1.207322944534876, 0.9459014491506694]
o:[13.6609650216536, 10.473519452315943, 3.639435833411646, 6.054270807907058, 16.39307088217844, 6.872263823279625, 5.83120339550144, 5.460901097628105, 4.282303198959628, 3.3722230646843383, 0.7293316083108192, 0.45324168801653647, 0.37261171696033624, 0.3426139395801986, 0.3215905577687544, 0.3076554296087686, 0.2829968625415446, 0.30001730101054885, 0.3001961554832031, 0.33223142218192975, 0.2603947557316442, 0.3497687481789323, 0.3279388189027606, 0.44517513637764633, 0.40180974612674486, 0.3061337362741434, 0.255427042468527, 0.26289972525180816, 0.24058219505850353, 0.24364516987241122, 0.31607311821778117, 0.287700921304633, 0.3557927420564672, 0.42963896662179796, 0.4989925670096398, 0.2974788807802116, 0.2632753489159839, 0.29904331433671744, 0.28180832233775116, 0.2488719654787236]
u:[21.543672949529693, 16.52826903178484, 4.1674153458721745, 13.719552394512688, 2.0891612943882656, 2.621740417251338, 1.3458342324520363, 4.002283513978358, 2.6157467598611466, 1.3819753384190854, 0.519495841551068, 0.3771156427285922, 0.3533247791928287, 0.3399833574380616, 0.2988591513721846, 0.3057943103299211, 0.2864286174633562, 0.28086652240193427, 0.29455755590444904, 0.31235717999567064, 0.254802596286774, 0.33128421034451677, 0.3593376936798995, 0.4153201086139969, 0.3260367861128051, 0.2671084731225925, 0.22735695970152967, 0.23481639224737805, 0.2269507436872201, 0.22537837422460952, 0.26004822236667585, 0.22799075320889503, 0.31499312386041567, 0.4029957755177927, 0.6692298836725926, 0.5722629475705782, 0.26860585995097486, 0.29478696216436223, 0.31716040758816844, 0.29508206209093973]
